Yes
0
3
4
5
6
19
20
21
26
31
39
40
41
46
47
49
53
54
57
61
62
64
66
68
73
74
75
76
79
80
81
84
89
91
94
97
98
100
101
104
105
106
110
111
113
116
119
121
125
126
128
129
136
137
141
146
147
151
152
157
158
166
167
173
176
177
179
181
182
185
190
192
193
198
200
202
205
206
208
210
212
214
216
218
221
224
226
228
229
230
235
239
242
243
246
250
251
253
259
261
267
268
269
278
283
286
288
289
290
291
294
295
299
302
303
304
305
307
311
312
313
320
321
325
331
332
333
335
337
348
349
352
354
355
359
361
362
363
364
366
367
372
375
376
379
384
387
391
396
398
400
401
403
406
412
416
420
421
424
426
429
430
431
432
436
439
441
447
448
456
457
465
466
467
468
471
475
477
478
480
481
483
484
488
495
496
499
503
505
510
511
516
520
522
526
531
535
537
539
540
542
543
544
554
558
559
568
572
573
576
577
581
583
593
597
599
600
609
611
612
617
618
619
621
622
626
631
633
635
636
637
638
645
646
649
650
658
660
663
665
667
671
680
687
688
693
695
697
700
704
713
716
717
718
719
724
726
733
736
743
746
747
748
749
750
751
753
756
762
763
769
778
781
783
788
796
798
801
802
803
804
811
814
815
820
823
826
827
831
834
835
840
841
842
847
849
850
854
856
860
864
866
867
868
879
880
881
882
883
884
888
893
899
901
912
917
918
921
924
925
926
930
939
941
943
945
952
953
955
956
957
958
961
962
965
968
972
980
981
984
990
993
1000
1002
1009
1010
1012
1013
1020
1021
1027
1029
1030
1031
1036
1037
1038
1041
1044
1046
1047
1048
1049
1052
1057
1060
1062
1065
1068
1071
1076
1079
1083
1084
1086
1087
1090
1092
1093
1097
1098
1102
1105
1107
1110
1121
1124
1125
1126
1131
1132
1133
1134
1135
1139
1142
1148
1150
1152
1155
1157
1159
1163
1169
1170
1171
1173
1177
1181
1182
1183
1186
1188
1192
1210
1211
1216
1217
1218
1219
1223
1225
1236
1240
1241
1243
1244
1245
1246
1248
1251
1255
1256
1257
1258
1260
1266
1268
1270
1271
1274
1279
1282
1284
1288
1295
1302
1310
1311
1313
1316
1317
1327
1329
1330
1333
1334
1336
1337
1338
1339
1341
1343
1345
1349
1354
1358
1359
1360
1361
1362
1365
1368
1374
1376
1377
1379
1388
1390
1392
1395
1399
1404
1406
1409
1411
1413
1416
1418
1419
1420
1422
1424
1425
1426
1433
1435
1438
1439
1440
1442
1446
1447
1450
1456
1457
1460
1462
1465
1466
1467
1473
1476
1477
1478
1484
1487
1488
1491
1495
1496
1498
1499
1500
1505
1517
1520
1522
1523
1524
1527
1529
1531
1532
1535
1545
1546
1548
1554
1555
1560
1564
1571
1572
1576
1583
1587
1592
1593
1595
1604
1607
1608
1609
1610
1611
1616
1618
1620
1623
1624
1625
1630
1632
1634
1635
1637
1640
1647
1648
1650
1654
1658
1659
1664
1665
1668
1672
1674
1679
1681
1682
1683
1694
1695
1697
1698
1699
1701
1703
1706
1707
1709
1718
1721
1722
1723
1725
1729
1732
1734
1735
1737
1738
1746
1747
1748
1750
1753
1758
1761
1764
1766
1772
1775
1782
1784
1788
1791
1794
1797
1799
1803
1806
1807
1811
1812
1813
1814
1817
1818
1828
1830
1833
1834
1835
1836
1839
1840
1844
1845
1851
1852
1854
1855
1861
1864
1866
1869
1870
1876
1878
1883
1886
1889
1890
1891
1896
1897
1903
1911
1913
1914
1915
1919
1922
1929
1930
1931
1934
1936
1937
1943
1948
1952
1962
1965
1966
1968
1969
1978
1980
1983
1985
1990
1992
1994
1996
1999
2001
2003
2007
2009
2010
2012
2014
2017
2020
2031
2034
2037
2041
2051
2052
2057
2063
2069
2071
2075
2076
2078
2081
2082
2083
2085
2086
2093
2094
2095
2096
2097
2098
2100
2105
2106
2107
2110
2116
2118
2119
2120
2121
2126
2129
2131
2136
2145
2148
2149
2153
2155
2158
2159
2160
2162
2164
2165
2168
2171
2178
2179
2180
2188
2190
2192
2193
2194
2198
2199
2206
2208
2210
2211
2213
2214
2216
2217
2227
2228
2229
2230
2233
2236
2239
2241
2243
2244
2246
2247
2251
2252
2253
2255
2257
2259
2264
2267
2268
2269
2275
2276
2279
2281
2282
2283
2285
2286
2293
2298
2299
2303
2309
2310
2311
2312
2313
2314
2317
2319
2321
2326
2335
2338
2340
2341
2343
2345
2352
2353
2354
2355
2358
2365
2368
2370
2372
2374
2376
2377
2378
2380
2383
2384
2385
2386
2387
2391
2393
2394
2395
2400
2404
2409
2415
2417
2422
2424
2426
2430
2431
2434
2438
2441
2444
2445
2448
2451
2454
2455
2457
2459
2460
2464
2467
2471
2473
2474
2475
2476
2479
2482
2487
2488
2490
2498
2500
2501
2502
2513
2514
2515
2516
2518
2519
2520
2521
2522
2523
2526
2530
2532
2535
2537
2538
2540
2541
2542
2544
2549
2554
2570
2576
2578
2584
2590
2594
2596
2597
2600
2601
2603
2605
2607
2614
2615
2619
2621
2624
2626
2627
2631
2632
2635
2638
2640
2642
2644
2645
2647
2657
2658
2660
2661
2664
2665
2666
2668
2672
2673
2676
2677
2683
2685
2686
2695
2696
2697
2698
2700
2701
2702
2713
2714
2716
2718
2724
2725
2731
2732
2734
2739
2741
2743
2747
2751
2756
2772
2775
2778
2779
2783
2787
2788
2791
2798
2799
2800
2803
2805
2806
2808
2809
2814
2816
2822
2824
2835
2837
2838
2839
2840
2841
2842
2843
2845
2849
2853
2855
2861
2865
2868
2870
2871
2873
2874
2875
2877
2878
2883
2885
2889
2890
2896
2898
2903
2912
2915
2916
2918
2923
2926
2927
2928
2932
2934
2940
2948
2952
2953
2955
2957
2958
2962
2963
2964
2966
2968
2971
2979
2983
2984
2985
2988
2989
2990
2994
2996
2997
3000
3003
3006
3008
3013
3017
3018
3026
3028
3029
3031
3033
3034
3035
3036
3038
3043
3044
3047
3049
3051
3055
3062
3063
3066
3067
3073
3074
3075
3077
3079
3085
3089
3093
3097
3102
3103
3104
3108
3109
3112
3113
3116
3124
3125
3127
3128
3130
3131
3145
3148
3149
3155
3159
3166
3169
3171
3173
3177
3181
3183
3184
3194
3195
3200
3202
3203
3204
3206
3216
3217
3220
3226
3227
3228
3231
3235
3237
3248
3250
3251
3253
3254
3256
3266
3268
3271
3273
3286
3287
3289
3297
3301
3311
3314
3317
3321
3322
3325
3326
3327
3330
3337
3341
3346
3349
3353
3356
3359
3369
3375
3382
3383
3385
3387
3389
3391
3395
3398
3399
3401
3403
3408
3412
3413
3420
3422
3423
3424
3426
3431
3435
3439
3440
3442
3443
3447
3449
3457
3459
3460
3461
3462
3463
3468
3469
3474
3478
3479
3480
3482
3487
3492
3494
3496
3502
3507
3508
3515
3517
3518
3521
3522
3526
3527
3529
3531
3532
3534
3541
3542
3545
3548
3551
3553
3554
3555
3556
3559
3567
3571
3573
3574
3576
3584
3586
3594
3600
3601
3603
3604
3605
3606
3608
3609
3610
3611
3614
3618
3619
3622
3624
3626
3628
3636
3638
3643
3644
3645
3646
3647
3649
3651
3653
3654
3657
3659
3660
3661
3663
3665
3671
3673
3674
3675
3676
3681
3683
3687
3691
3694
3695
3701
3702
3708
3709
3713
3715
3718
3721
3724
3728
3731
3734
3736
3740
3742
3746
3756
3759
3764
3765
3769
3772
3773
3775
3781
3783
3785
3789
3791
3792
3794
3809
3810
3811
3812
3813
3819
3821
3822
3823
3824
3829
3830
3836
3844
3846
3847
3855
3859
3861
3871
3872
3873
3874
3878
3880
3881
3885
3886
3887
3894
3901
3903
3907
3909
3913
3915
3921
3923
3924
3927
3929
3930
3936
3941
3942
3945
3948
3950
3956
3959
3967
3971
3973
3975
3980
3982
3983
3991
3992
3994
3999
4000
4001
4005
4009
4010
4017
4019
4021
4022
4026
4028
4031
4036
4043
4046
4049
4050
4052
4053
4055
4057
4063
4068
4069
4070
4071
4074
4075
4077
4080
4082
4083
4085
4086
4087
4088
4090
4093
4096
4098
4110
4111
4114
4117
4118
4121
4125
4129
4130
4139
4143
4144
4145
4147
4150
4151
4152
4153
4154
4155
4156
4157
4160
4166
4171
4173
4176
4177
4181
4184
4186
4189
4190
4194
4199
4200
4202
4205
4209
4214
4216
4220
4222
4226
4227
4228
4232
4233
4234
4236
4237
4240
4247
4249
4251
4252
4255
4257
4259
4260
4262
4267
4268
4269
4272
4273
4278
4279
4283
4286
4289
4291
4293
4299
4303
4305
4306
4307
4308
4310
4311
4313
4315
4324
4326
4329
4332
4334
4336
4337
4340
4343
4351
4354
4358
4364
4369
4371
4374
4376
4377
4378
4382
4383
4384
4386
4391
4392
4396
4398
4400
4409
4410
4412
4418
4425
4430
4433
4435
4436
4442
4443
4448
4454
4455
4456
4458
4459
4461
4464
4467
4468
4470
4474
4477
4479
4483
4486
4488
4489
4492
4494
4496
4498
4502
4506
4509
4517
4518
4521
4524
4526
4528
4530
4536
4537
4540
4541
4542
4543
4551
4553
4561
4563
4566
4567
4571
4578
4584
4588
4589
4592
4596
4601
4603
4604
4605
4611
4613
4617
4619
4621
4622
4627
4629
4630
4635
4637
4648
4649
4652
4655
4658
4660
4662
4667
4672
4679
4683
4684
4685
4690
4699
4701
4704
4706
4712
4713
4714
4724
4729
4730
4731
4732
4734
4735
4744
4746
4748
4751
4754
4758
4765
4771
4776
4777
4778
4779
4793
4796
4797
4799
4801
4802
4808
4811
4813
4814
4818
4819
4824
4826
4828
4832
4833
4837
4838
4840
4841
4843
4848
4850
4852
4859
4863
4868
4870
4874
4878
4881
4885
4887
4891
4894
4902
4903
4906
4908
4910
4912
4913
4914
4920
4922
4928
4930
4931
4935
4938
4939
4943
4947
4948
4949
4953
4961
4963
4967
4968
4970
4972
4976
4977
4978
4983
4986
4987
4988
4989
4991
4993
4996
4997
5000
5008
5014
5015
5016
5018
5020
5021
5023
5025
5028
5035
5038
5046
5047
5049
5051
5058
5060
5063
5064
5069
5074
5076
5077
5080
5089
5090
5093
5096
5099
5104
5108
5109
5110
5116
5120
5122
5129
5134
5136
5141
5147
5151
5158
5159
5169
5170
5171
5173
5179
5182
5187
5189
5190
5193
5196
5200
5202
5204
5207
5210
5212
5216
5217
5221
5223
5224
5225
5231
5234
5237
5238
5242
5246
5247
5250
5256
5257
5258
5260
5262
5265
5266
5270
5272
5277
5279
5280
5281
5284
5285
5290
5291
5300
5304
5308
5309
5311
5314
5315
5316
5318
5319
5320
5321
5324
5327
5328
5329
5330
5334
5335
5340
5342
5343
5352
5353
5356
5360
5365
5366
5370
5371
5375
5380
5382
5383
5385
5388
5389
5392
5393
5394
5401
5405
5406
5416
5417
5422
5424
5427
5432
5436
5440
5441
5444
5445
5449
5450
5451
5452
5455
5457
5460
5465
5469
5472
5474
5484
5487
5489
5494
5497
5498
5501
5507
5510
5515
5521
5522
5523
5524
5528
5529
5531
5532
5538
5539
5542
5544
5545
5546
5547
5550
5552
5559
5560
5567
5570
5571
5580
5584
5585
5590
5591
5594
5595
5597
5598
5600
5602
5605
5608
5609
5612
5613
5614
5616
5617
5619
5621
5630
5631
5632
5634
5638
5639
5641
5642
5643
5649
5652
5656
5661
5664
5668
5669
5674
5676
5680
5681
5686
5691
5692
5694
5695
5698
5700
5702
5707
5708
5709
5710
5712
5715
5718
5722
5729
5734
5743
5747
5749
5750
5752
5754
5755
5757
5759
5760
5764
5766
5773
5774
5778
5782
5783
5784
5786
5796
5797
5798
5805
5806
5808
5815
5816
5821
5822
5823
5825
5828
5831
5834
5845
5849
5850
5853
5857
5865
5866
5875
5877
5882
5884
5885
5887
5888
5892
5895
5898
5899
5901
5902
5903
5910
5911
5912
5919
5920
5922
5923
5924
5926
5928
5932
5933
5935
5937
5938
5939
5941
5944
5946
5947
5949
5951
5955
5959
5960
5963
5966
5967
5968
5971
5973
5974
5976
5977
5985
5987
5992
